42
(20.0, 20.0), (20.0, 240.0), 0, 0, 0
(21.0, 20.0), (21.0, 240.0), 0, 0, 0

(50.0, 60.0), (50.0, 200.0), 1, 0, 0
(55.0, 60.0), (55.0, 200.0), 1, 0, 0
(60.0, 60.0), (60.0, 200.0), 0.5, 0, 0
(65.0, 60.0), (65.0, 200.0), 0.5, 0, 0

(70.0, 80.0), (70.0, 180.0), 1.5, 0, 0
(75.0, 80.0), (75.0, 180.0), 0.5, 0, 0
(80.0, 80.0), (80.0, 180.0), 1, 0, 0
(160.0, 80.0), (160.0, 180.0), 0.5, 0, 0
(170.0, 80.0), (170.0, 180.0), 0.5, 0, 0
(180.0, 80.0), (180.0, 180.0), 0.5, 0, 0
(190.0, 80.0), (190.0, 180.0), 0.5, 0, 0

(290.0, 80.0), (290.0, 180.0), 0, 0, 0
(295.0, 80.0), (295.0, 180.0), 0, 0, 0
(300.0, 80.0), (300.0, 180.0), 0, 0, 0
(305.0, 80.0), (305.0, 180.0), 0, 0, 0
(310.0, 80.0), (310.0, 180.0), 0, 0, 0
(315.0, 80.0), (315.0, 180.0), 0, 0, 0
(320.0, 80.0), (320.0, 180.0), 0, 0, 0
(325.0, 80.0), (325.0, 180.0), 0, 0, 0
(330.0, 80.0), (330.0, 180.0), 0, 0, 0
(335.0, 80.0), (335.0, 180.0), 0, 0, 0

(480.0, 80.0), (480.0, 180.0), -0.5, 0, 0
(490.0, 80.0), (490.0, 180.0), -0.5, 0, 0
(500.0, 80.0), (500.0, 180.0), -0.5, 0, 0
(510.0, 80.0), (510.0, 180.0), -0.5, 0, 0
(520.0, 80.0), (520.0, 180.0), -0.5, 0, 0
(530.0, 80.0), (530.0, 180.0), -0.5, 0, 0
(540.0, 80.0), (540.0, 180.0), -1.5, 0, 0
(560.0, 80.0), (560.0, 180.0), -0.5, 0, 0
(580.0, 80.0), (580.0, 180.0), -1.5, 0, 0
(600.0, 80.0), (600.0, 180.0), -0.5, 0, 0
(610.0, 80.0), (610.0, 180.0), -1.5, 0, 0

(620.0, 60.0), (620.0, 200.0), -0.5, 0, 0
(625.0, 60.0), (625.0, 200.0), -0.5, 0, 0
(630.0, 60.0), (630.0, 200.0), -1.5, 0, 0
(635.0, 60.0), (635.0, 200.0), -1.5, 0, 0
(640.0, 60.0), (640.0, 200.0), -1.5, 0, 0

(650.0, 20.0), (650.0, 240.0), 0, 0, 0
(651.0, 20.0), (651.0, 240.0), 0, 0, 0
