40
(276, 206), (293, 219), -0.19221, -0.055276, 0
(297, 226), (272, 237), -0.195101, -0.043993, 0
(264, 239), (270, 212), -0.194817, -0.045236, 0
(280, 200), (300, 189), -0.188575, -0.06663, 0
(305, 182), (318, 166), -0.182274, -0.082317, 0
(328, 164), (395, 142), -0.168307, -0.10804, 0
(407, 141), (481, 141), -0.135271, -0.147315, 0
(490, 143), (531, 146), -0.091263, -0.177963, 0
(541, 146), (641, 142), 0.001282, -0.199996, 0
(660, 136), (768, 175), 0.129986, -0.151999, 0
(776, 182), (814, 214), 0.17906, -0.089093, 0
(824, 221), (852, 261), 0.19457, -0.046289, 0
(858, 271), (879, 334), 0.199995, 0.001439, 0
(881, 342), (894, 405), 0.194219, 0.047737, 0
(896, 415), (896, 484), 0.179816, 0.087557, 0
(897, 495), (885, 534), 0.163002, 0.115889, 0
(872, 542), (830, 570), 0.142782, 0.140047, 0
(819, 574), (737, 580), 0.112315, 0.165485, 0
(726, 578), (662, 543), 0.074278, 0.185695, 0
(654, 538), (627, 475), 0.047174, 0.194357, 0
(631, 458), (641, 430), 0.060859, 0.190516, 0
(647, 406), (679, 365), 0.130305, 0.151725, 0
(695, 358), (738, 349), 0.184355, 0.077546, 0
(755, 364), (741, 359), 0.186578, 0.072033, 0
(727, 357), (680, 375), 0.1727, 0.100869, 0
(673, 387), (661, 402), 0.126737, 0.154718, 0
(657, 411), (642, 445), 0.083722, 0.181633, 0
(641, 464), (642, 486), 0.055958, 0.192012, 0
(647, 501), (663, 530), 0.057878, 0.191442, 0
(676, 541), (698, 552), 0.073364, 0.186058, 0
(709, 560), (735, 567), 0.089714, 0.178749, 0
(748, 569), (785, 564), 0.110361, 0.166795, 0
(801, 563), (841, 546), 0.134564, 0.147962, 0
(857, 525), (880, 499), 0.159034, 0.121278, 0
(884, 481), (879, 428), 0.176772, 0.09355, 0
(878, 404), (870, 361), 0.192151, 0.05548, 0
(861, 329), (849, 301), 0.19968, 0.011303, 0
(855, 287), (833, 255), 0.198709, -0.022687, 0
(824, 241), (796, 230), 0.191804, -0.056669, 0
(835, 278), (809, 245), 0.197233, -0.033155, 0
(806, 222), (758, 189), 0.179257, -0.088695, 0